9
9,5,0,1,7,0,4,2,0
0,0,4,7,0,0,5,0,8
7,0,6,9,0,0,0,0,4
8,6,0,4,5,3,2,0,7
0,0,0,3,4,0,0,8,1
1,0,0,5,0,4,0,7,3
0,0,0,2,6,0,1,0,0
4,3,0,0,0,0,7,5,0
0,4,7,8,0,6,3,0,0
-1,-1,0,1,1,-1,-1,1
0,-1,1,-1,-1,1,0,1
-1,1,1,0,1,0,-1,1
-1,1,-1,1,-1,0,-1,1
-1,0,-1,1,1,1,-1,0
0,-1,1,1,-1,1,1,-1
1,1,-1,1,1,-1,1,1
0,-1,1,1,-1,1,-1,0
-1,1,1,-1,1,-1,1,-1
-1,1,0,1,-1,-1,1,1,1
1,-1,1,1,-1,1,0,-1,-1
1,0,1,0,1,-1,-1,-1,1
-1,-1,-1,-1,-1,1,1,1,-1
0,1,-1,1,1,0,-1,0,1
1,-1,0,-1,-1,1,0,-1,1
1,0,0,0,1,-1,1,1,1
1,1,1,1,-1,1,-1,1,-1
